000000 0
000017 10
000041 20
000057 30
000074 40
000088 50
000105 60
000121 70
000141 80
000157 90
000176 100
000200 110
000219 120
000240 130
000258 140
000280 150
000298 160
000318 170
000342 180
000371 190
000406 200
000425 210
000442 220
000464 230
000487 240
000513 250
000531 260
000549 270
000573 280
000585 290
000602 300
000622 310
000641 320
000662 330
000676 340
000693 350
000712 360
000732 370
000753 380
000775 390
000788 400
000814 410
000828 420
000845 430
000864 440
000883 450
000900 460
000918 470
000936 480
000957 490
000980 500
000997 510
001020 520
001036 530
001056 540
001079 550
001098 560
001122 570
001157 580
001171 590
001200 600
001215 610
001247 620
001279 630
001299 640
001316 650
001328 660
001357 670
001370 680
001394 690
001408 700
001426 710
001449 720
001464 730
001479 740
001496 750
001512 760
001534 770
001554 780
001572 790
001601 800
001622 810
001639 820
001655 830
001674 840
001690 850
001716 860
001736 870
001756 880
001773 890
001792 900
001811 910
001832 920
001845 930
001871 940
001895 950
001911 960
001930 970
001953 980
001968 990
001990 1000
002015 1010
002033 1020
002061 1030
002080 1040
002099 1050
002122 1060
002145 1070
002162 1080
002181 1090
002198 1100
002214 1110
002236 1120
002253 1130
002270 1140
002296 1150
002317 1160
002335 1170
002358 1180
002377 1190
002401 1200
002416 1210
002438 1220
002453 1230
002471 1240
002491 1250
002513 1260
002535 1270
002553 1280
002576 1290
002595 1300
002616 1310
002634 1320
002654 1330
002670 1340
002688 1350
002708 1360
002736 1370
002762 1380
002779 1390
002795 1400
002819 1410
002837 1420
002857 1430
002872 1440
002899 1450
002920 1460
002936 1470
002954 1480
002980 1490
003002 1500
003020 1510
003044 1520
003069 1530
003085 1540
003104 1550
003122 1560
003147 1570
003164 1580
003186 1590
003205 1600
003227 1610
003246 1620
003264 1630
003282 1640
003297 1650
003326 1660
003340 1670
003361 1680
003380 1690
003392 1700
003424 1710
003442 1720
003459 1730
003479 1740
003507 1750
003523 1760
003541 1770
003561 1780
003577 1790
003592 1800
003606 1810
003636 1820
003650 1830
003670 1840
003693 1850
003706 1860
003725 1870
003742 1880
003760 1890
003776 1900
003795 1910
003816 1920
003832 1930
003846 1940
003862 1950
003884 1960
003906 1970
003922 1980
003940 1990
003955 2000
003974 2010
003991 2020
004014 2030
004029 2040
004050 2050
004067 2060
004086 2070
004112 2080
004144 2090
004170 2100
004186 2110
004204 2120
004229 2130
004245 2140
004266 2150
004286 2160
004315 2170
004334 2180
004357 2190
004378 2200
004395 2210
004416 2220
004446 2230
004464 2240
004484 2250
004505 2260
004523 2270
004544 2280
004561 2290
004583 2300
004601 2310
004619 2320
004641 2330
004662 2340
004681 2350
004719 2360
004749 2370
004767 2380
004785 2390
004803 2400
004826 2410
004842 2420
004866 2430
004883 2440
004906 2450
004923 2460
004951 2470
004970 2480
004987 2490
005011 2500
005030 2510
005048 2520
005084 2530
005099 2540
005117 2550
005137 2560
005165 2570
005193 2580
005209 2590
005228 2600
005250 2610
005265 2620
005286 2630
005303 2640
005331 2650
005354 2660
005373 2670
005393 2680
005403 2690
005417 2700
005435 2710
005456 2720
005480 2730
005499 2740
005512 2750
005526 2760
005547 2770
005567 2780
005592 2790
005608 2800
005626 2810
005646 2820
005666 2830
005684 2840
005701 2850
005721 2860
005742 2870
005761 2880
005774 2890
005792 2900
005813 2910
005831 2920
005846 2930
005862 2940
005875 2950
005897 2960
005930 2970
005946 2980
005966 2990
005983 3000
006004 3010
006022 3020
006056 3030
006081 3040
006104 3050
006128 3060
006142 3070
006159 3080
006178 3090
006193 3100
006211 3110
006225 3120
006242 3130
006257 3140
006281 3150
006295 3160
006311 3170
006329 3180
006358 3190
006376 3200
006398 3210
006418 3220
006443 3230
006460 3240
006487 3250
006504 3260
006528 3270
006550 3280
006572 3290
006594 3300
006610 3310
006631 3320
006653 3330
006673 3340
006691 3350
006716 3360
006736 3370
006763 3380
006790 3390
006817 3400
006834 3410
006857 3420
006878 3430
006902 3440
006920 3450
006934 3460
006957 3470
006974 3480
006993 3490
007017 3500
007041 3510
007062 3520
007093 3530
007107 3540
007126 3550
007147 3560
007167 3570
007188 3580
007206 3590
007226 3600
007248 3610
007269 3620
007297 3630
007316 3640
007338 3650
007361 3660
007378 3670
007400 3680
007429 3690
007454 3700
007476 3710